45 1.000000e+00 0.000000e+00
44 1.000000e+00 0.000000e+00
43 1.000000e+00 0.000000e+00
42 9.999980e-01 1.000000e-06
41 9.999220e-01 7.000000e-06
40 9.986562e-01 6.338843e-05
39 9.865659e-01 6.960637e-04
38 9.277264e-01 2.868000e-03
37 7.531328e-01 6.265664e-03
36 4.715155e-01 6.243172e-03
35 1.974894e-01 8.966600e-03
34 6.345852e-02 2.726467e-03
33 1.268148e-02 7.901235e-04
32 1.694530e-03 1.281308e-04
31 1.740000e-04 1.200000e-05
30 1.600000e-05 1.000000e-06
29 0.000000e+00 0.000000e+00
28 0.000000e+00 0.000000e+00
27 0.000000e+00 0.000000e+00
26 0.000000e+00 0.000000e+00
