45 1.000000e+00 0.000000e+00
44 1.000000e+00 5.000000e-08
43 9.999989e-01 1.444691e-06
42 9.999812e-01 1.977386e-05
41 9.997034e-01 2.281360e-04
40 9.964770e-01 3.063491e-03
39 9.859107e-01 1.408935e-02
38 9.394387e-01 3.397341e-02
37 8.084833e-01 7.069409e-02
36 5.557404e-01 1.048253e-01
35 2.449799e-01 7.898260e-02
34 9.047901e-02 2.838557e-02
33 2.046036e-02 8.951407e-03
32 2.491834e-03 1.346937e-03
31 2.944076e-04 1.784288e-04
30 1.656297e-05 1.086096e-05
29 9.896120e-07 8.422230e-07
28 2.000000e-08 2.000000e-08
27 0.000000e+00 0.000000e+00
