45 1.000000e+00 0.000000e+00
44 1.000000e+00 0.000000e+00
43 1.000000e+00 0.000000e+00
42 9.999976e-01 2.100000e-07
41 9.999192e-01 4.871818e-06
40 9.985456e-01 1.001274e-04
39 9.868571e-01 6.890137e-04
38 9.289801e-01 2.692696e-03
37 7.519140e-01 7.291287e-03
36 4.751407e-01 9.849906e-03
35 2.078011e-01 5.631095e-03
34 6.256950e-02 2.965379e-03
33 1.270956e-02 7.509339e-04
32 1.868261e-03 1.941050e-04
31 1.786112e-04 1.885078e-05
30 1.330978e-05 1.470694e-06
29 8.600000e-07 1.200000e-07
28 3.000000e-08 2.000000e-08
27 0.000000e+00 0.000000e+00
26 0.000000e+00 0.000000e+00