45 1.000000e+00 0.000000e+00
44 1.000000e+00 0.000000e+00
43 1.000000e+00 1.000000e-06
42 9.999720e-01 2.600000e-05
41 9.996687e-01 2.760753e-04
40 9.972301e-01 3.165559e-03
39 9.836581e-01 1.257071e-02
38 9.300411e-01 3.292181e-02
37 7.706093e-01 7.347670e-02
36 5.348259e-01 1.019901e-01
35 2.545455e-01 6.060606e-02
34 8.207705e-02 3.350084e-02
33 1.860921e-02 9.794319e-03
32 3.056001e-03 1.528001e-03
31 2.427292e-04 1.765303e-04
30 2.400000e-05 1.600000e-05
29 0.000000e+00 0.000000e+00
28 0.000000e+00 0.000000e+00
27 0.000000e+00 0.000000e+00
26 0.000000e+00 0.000000e+00
