45 1.000000e+00 0.000000e+00
44 1.000000e+00 0.000000e+00
43 1.000000e+00 0.000000e+00
42 1.000000e+00 0.000000e+00
41 1.000000e+00 0.000000e+00
40 9.999952e-01 0.000000e+00
39 9.994611e-01 0.000000e+00
38 9.838490e-01 0.000000e+00
37 8.516640e-01 1.000000e-08
36 4.857543e-01 0.000000e+00
35 1.327830e-01 0.000000e+00
34 1.382908e-02 0.000000e+00
33 4.683200e-04 0.000000e+00
32 5.240000e-06 0.000000e+00
31 3.000000e-08 0.000000e+00
30 0.000000e+00 0.000000e+00
29 0.000000e+00 0.000000e+00
28 0.000000e+00 0.000000e+00