250 1.000000e+00 1.000000e+00
249 1.000000e+00 1.000000e+00
248 1.000000e+00 1.000000e+00
247 1.000000e+00 1.000000e+00
246 1.000000e+00 1.000000e+00
245 1.000000e+00 1.000000e+00
244 1.000000e+00 1.000000e+00
243 1.000000e+00 1.000000e+00
242 1.000000e+00 1.000000e+00
241 1.000000e+00 1.000000e+00
240 1.000000e+00 1.000000e+00
239 1.000000e+00 1.000000e+00
238 1.000000e+00 1.000000e+00
237 1.000000e+00 1.000000e+00
236 1.000000e+00 1.000000e+00
235 1.000000e+00 1.000000e+00
234 1.000000e+00 1.000000e+00
233 1.000000e+00 1.000000e+00
232 1.000000e+00 1.000000e+00
231 1.000000e+00 1.000000e+00
230 1.000000e+00 1.000000e+00
229 1.000000e+00 1.000000e+00
228 1.000000e+00 1.000000e+00
227 1.000000e+00 1.000000e+00
226 1.000000e+00 1.000000e+00
225 1.000000e+00 1.000000e+00
224 1.000000e+00 1.000000e+00
223 1.000000e+00 1.000000e+00
222 1.000000e+00 1.000000e+00
221 1.000000e+00 1.000000e+00
220 1.000000e+00 1.000000e+00
219 1.000000e+00 1.000000e+00
218 1.000000e+00 1.000000e+00
217 1.000000e+00 1.000000e+00
216 1.000000e+00 1.000000e+00
215 1.000000e+00 1.000000e+00
214 1.000000e+00 1.000000e+00
213 1.000000e+00 1.000000e+00
212 1.000000e+00 1.000000e+00
211 1.000000e+00 1.000000e+00
210 1.000000e+00 1.000000e+00
209 1.000000e+00 1.000000e+00
208 1.000000e+00 1.000000e+00
207 1.000000e+00 1.000000e+00
206 1.000000e+00 1.000000e+00
205 1.000000e+00 1.000000e+00
204 1.000000e+00 1.000000e+00
203 1.000000e+00 1.000000e+00
202 1.000000e+00 1.000000e+00
201 1.000000e+00 1.000000e+00
200 1.000000e+00 1.000000e+00
199 1.000000e+00 1.000000e+00
198 1.000000e+00 1.000000e+00
197 1.000000e+00 1.000000e+00
196 1.000000e+00 1.000000e+00
195 1.000000e+00 1.000000e+00
194 1.000000e+00 1.000000e+00
193 1.000000e+00 1.000000e+00
192 1.000000e+00 1.000000e+00
191 1.000000e+00 1.000000e+00
190 1.000000e+00 1.000000e+00
189 1.000000e+00 1.000000e+00
188 1.000000e+00 1.000000e+00
187 1.000000e+00 1.000000e+00
186 1.000000e+00 1.000000e+00
185 1.000000e+00 1.000000e+00
184 1.000000e+00 1.000000e+00
183 1.000000e+00 1.000000e+00
182 1.000000e+00 1.000000e+00
181 1.000000e+00 1.000000e+00
180 1.000000e+00 1.000000e+00
179 1.000000e+00 1.000000e+00
178 1.000000e+00 1.000000e+00
177 1.000000e+00 1.000000e+00
176 1.000000e+00 1.000000e+00
175 1.000000e+00 1.000000e+00
174 1.000000e+00 1.000000e+00
173 1.000000e+00 1.000000e+00
172 1.000000e+00 1.000000e+00
171 1.000000e+00 1.000000e+00
170 1.000000e+00 1.000000e+00
169 1.000000e+00 1.000000e+00
168 1.000000e+00 1.000000e+00
167 1.000000e+00 1.000000e+00
166 1.000000e+00 1.000000e+00
165 1.000000e+00 1.000000e+00
164 1.000000e+00 1.000000e+00
163 1.000000e+00 1.000000e+00
162 1.000000e+00 1.000000e+00
161 1.000000e+00 1.000000e+00
160 1.000000e+00 1.000000e+00
159 1.000000e+00 1.000000e+00
158 1.000000e+00 1.000000e+00
157 1.000000e+00 1.000000e+00
156 1.000000e+00 1.000000e+00
155 1.000000e+00 1.000000e+00
154 1.000000e+00 1.000000e+00
153 1.000000e+00 1.000000e+00
152 1.000000e+00 1.000000e+00
151 1.000000e+00 1.000000e+00
150 1.000000e+00 1.000000e+00
149 1.000000e+00 1.000000e+00
148 1.000000e+00 1.000000e+00
147 1.000000e+00 1.000000e+00
146 1.000000e+00 1.000000e+00
145 1.000000e+00 1.000000e+00
144 1.000000e+00 1.000000e+00
143 1.000000e+00 1.000000e+00
142 1.000000e+00 1.000000e+00
141 1.000000e+00 1.000000e+00
140 1.000000e+00 1.000000e+00
139 1.000000e+00 1.000000e+00
138 1.000000e+00 1.000000e+00
137 1.000000e+00 1.000000e+00
136 1.000000e+00 1.000000e+00
135 1.000000e+00 1.000000e+00
134 1.000000e+00 1.000000e+00
133 1.000000e+00 1.000000e+00
132 1.000000e+00 1.000000e+00
131 1.000000e+00 1.000000e+00
130 1.000000e+00 1.000000e+00
129 1.000000e+00 1.000000e+00
128 1.000000e+00 1.000000e+00
127 1.000000e+00 1.000000e+00
126 1.000000e+00 1.000000e+00
125 1.000000e+00 1.000000e+00
124 1.000000e+00 1.000000e+00
123 1.000000e+00 1.000000e+00
122 1.000000e+00 1.000000e+00
121 1.000000e+00 1.000000e+00
120 1.000000e+00 1.000000e+00
119 1.000000e+00 1.000000e+00
118 1.000000e+00 1.000000e+00
117 1.000000e+00 1.000000e+00
116 1.000000e+00 1.000000e+00
115 9.791667e-01 9.791667e-01
114 1.000000e+00 1.000000e+00
113 1.000000e+00 1.000000e+00
112 1.000000e+00 1.000000e+00
111 1.000000e+00 1.000000e+00
110 9.574468e-01 9.574468e-01
109 9.787234e-01 9.787234e-01
108 9.583333e-01 9.583333e-01
107 8.867925e-01 8.867925e-01
106 9.183673e-01 9.183673e-01
105 8.867925e-01 8.867925e-01
104 8.846154e-01 8.846154e-01
103 7.213115e-01 7.213115e-01
102 5.822785e-01 5.822785e-01
101 6.052632e-01 6.052632e-01
100 5.000000e-01 5.000000e-01
99 4.100000e-01 4.100000e-01
98 3.100000e-01 3.100000e-01
97 2.400000e-01 2.400000e-01
96 1.800000e-01 1.800000e-01
95 1.100000e-01 1.100000e-01
94 6.000000e-02 6.000000e-02
93 1.300000e-01 1.300000e-01
92 3.000000e-02 3.000000e-02
91 2.000000e-02 2.000000e-02
90 1.000000e-02 1.000000e-02
89 0.000000e+00 0.000000e+00
88 0.000000e+00 0.000000e+00
87 0.000000e+00 0.000000e+00
86 1.000000e-02 1.000000e-02
85 0.000000e+00 0.000000e+00
84 0.000000e+00 0.000000e+00
83 0.000000e+00 0.000000e+00
82 0.000000e+00 0.000000e+00
81 0.000000e+00 0.000000e+00
80 0.000000e+00 0.000000e+00
79 0.000000e+00 0.000000e+00
78 0.000000e+00 0.000000e+00
77 0.000000e+00 0.000000e+00
76 0.000000e+00 0.000000e+00
75 0.000000e+00 0.000000e+00
74 0.000000e+00 0.000000e+00
73 0.000000e+00 0.000000e+00
72 0.000000e+00 0.000000e+00
71 0.000000e+00 0.000000e+00
70 0.000000e+00 0.000000e+00
69 0.000000e+00 0.000000e+00
68 0.000000e+00 0.000000e+00
67 0.000000e+00 0.000000e+00
66 0.000000e+00 0.000000e+00
65 0.000000e+00 0.000000e+00
64 0.000000e+00 0.000000e+00
63 0.000000e+00 0.000000e+00
62 0.000000e+00 0.000000e+00
61 0.000000e+00 0.000000e+00
60 0.000000e+00 0.000000e+00
59 0.000000e+00 0.000000e+00
58 0.000000e+00 0.000000e+00
57 0.000000e+00 0.000000e+00
56 0.000000e+00 0.000000e+00
55 0.000000e+00 0.000000e+00
54 0.000000e+00 0.000000e+00
53 0.000000e+00 0.000000e+00
52 0.000000e+00 0.000000e+00
51 0.000000e+00 0.000000e+00
50 0.000000e+00 0.000000e+00
49 0.000000e+00 0.000000e+00
48 0.000000e+00 0.000000e+00
47 0.000000e+00 0.000000e+00
46 0.000000e+00 0.000000e+00
45 0.000000e+00 0.000000e+00
44 0.000000e+00 0.000000e+00
43 0.000000e+00 0.000000e+00
42 0.000000e+00 0.000000e+00
41 0.000000e+00 0.000000e+00
40 0.000000e+00 0.000000e+00
39 0.000000e+00 0.000000e+00
38 0.000000e+00 0.000000e+00
37 0.000000e+00 0.000000e+00
36 0.000000e+00 0.000000e+00
35 0.000000e+00 0.000000e+00
34 0.000000e+00 0.000000e+00
33 0.000000e+00 0.000000e+00
32 0.000000e+00 0.000000e+00
31 0.000000e+00 0.000000e+00
30 0.000000e+00 0.000000e+00
29 0.000000e+00 0.000000e+00
28 0.000000e+00 0.000000e+00
27 0.000000e+00 0.000000e+00
26 0.000000e+00 0.000000e+00
25 0.000000e+00 0.000000e+00
24 0.000000e+00 0.000000e+00
23 0.000000e+00 0.000000e+00
22 0.000000e+00 0.000000e+00
21 0.000000e+00 0.000000e+00
20 0.000000e+00 0.000000e+00
19 0.000000e+00 0.000000e+00
18 0.000000e+00 0.000000e+00
17 0.000000e+00 0.000000e+00
16 0.000000e+00 0.000000e+00
15 0.000000e+00 0.000000e+00
14 0.000000e+00 0.000000e+00
13 0.000000e+00 0.000000e+00
12 0.000000e+00 0.000000e+00
11 0.000000e+00 0.000000e+00
10 0.000000e+00 0.000000e+00
9 0.000000e+00 0.000000e+00
8 0.000000e+00 0.000000e+00
7 0.000000e+00 0.000000e+00
6 0.000000e+00 0.000000e+00
5 0.000000e+00 0.000000e+00
4 0.000000e+00 0.000000e+00
3 0.000000e+00 0.000000e+00
