250 1.000000e+00 1.000000e+00
249 1.000000e+00 1.000000e+00
248 1.000000e+00 1.000000e+00
247 1.000000e+00 1.000000e+00
246 1.000000e+00 1.000000e+00
245 1.000000e+00 1.000000e+00
244 1.000000e+00 1.000000e+00
243 1.000000e+00 1.000000e+00
242 1.000000e+00 1.000000e+00
241 1.000000e+00 1.000000e+00
240 1.000000e+00 1.000000e+00
239 1.000000e+00 1.000000e+00
238 1.000000e+00 1.000000e+00
237 1.000000e+00 1.000000e+00
236 1.000000e+00 1.000000e+00
235 1.000000e+00 1.000000e+00
234 1.000000e+00 1.000000e+00
233 1.000000e+00 1.000000e+00
232 1.000000e+00 1.000000e+00
231 1.000000e+00 1.000000e+00
230 1.000000e+00 1.000000e+00
229 1.000000e+00 1.000000e+00
228 1.000000e+00 1.000000e+00
227 1.000000e+00 1.000000e+00
226 1.000000e+00 1.000000e+00
225 1.000000e+00 1.000000e+00
224 1.000000e+00 1.000000e+00
223 1.000000e+00 1.000000e+00
222 1.000000e+00 1.000000e+00
221 1.000000e+00 1.000000e+00
220 1.000000e+00 1.000000e+00
219 1.000000e+00 1.000000e+00
218 1.000000e+00 1.000000e+00
217 1.000000e+00 1.000000e+00
216 1.000000e+00 1.000000e+00
215 1.000000e+00 1.000000e+00
214 1.000000e+00 1.000000e+00
213 1.000000e+00 1.000000e+00
212 1.000000e+00 1.000000e+00
211 1.000000e+00 1.000000e+00
210 1.000000e+00 1.000000e+00
209 1.000000e+00 1.000000e+00
208 1.000000e+00 1.000000e+00
207 1.000000e+00 1.000000e+00
206 1.000000e+00 1.000000e+00
205 1.000000e+00 1.000000e+00
204 1.000000e+00 1.000000e+00
203 1.000000e+00 1.000000e+00
202 1.000000e+00 1.000000e+00
201 1.000000e+00 1.000000e+00
200 1.000000e+00 1.000000e+00
199 9.200000e-01 9.200000e-01
198 9.791667e-01 9.791667e-01
197 9.019608e-01 9.019608e-01
196 8.823529e-01 8.823529e-01
195 8.823529e-01 8.823529e-01
194 8.245614e-01 8.245614e-01
193 7.666667e-01 7.666667e-01
192 7.076923e-01 7.076923e-01
191 6.301370e-01 6.301370e-01
190 6.000000e-01 6.000000e-01
189 4.245283e-01 4.245283e-01
